Scatterer_ocean
{
	Ocean
	{
		name = Volux
		m_foamAnsio = 12
		m_foamMipMapBias = -2
		m_whiteCapStr = 0.100000001
		shoreFoam = 1
		m_farWhiteCapStr = -0.200000003
		choppynessMultiplier = 5
		AMP = 6
		m_ansio = 4
		m_windSpeed = 10
		m_omega = 0.839999974
		m_varianceSize = 4
		m_oceanUpwellingColor = 0.00999999978,0.075000003,0.0799999982
		m_UnderwaterColor = 0.100000001,0.75,0.800000012
		m_oceanLevel = 0
		m_zmin = 20000
		m_resolution = 4
		MAX_VERTS = 65000
		oceanScale = 1
		oceanAlpha = 0.949999988
		alphaRadius = 1400
		transparencyDepth = 5.19999981
		darknessDepth = 1000
		refractionIndex = 0.330000013
		fakeOceanAltitude = 160000
	}
}
